0.107885379281282
0.115763235577734
0.786188797929741
0.294853525684560
0.604972405307350
0.966841013489484
0.434997234622241
0.698531490359519
0.758561338103714
0.434646573839677
0.657840079743886
0.111609691718261
0.935297308670861
0.190663992187926
0.267932465742508
0.800017764585653
0.489455538466960
0.772331440036858
0.396377202564228
0.273972713628943
0.0386880303456586
0.675241996642653
0.433098092992845
0.454344356790473
0.610072149971951
0.0629631668906032
0.316123354042881
0.773372814568875
0.698046097773427
0.127307566050013